3
4
6
16
17
19
21
25
29
30
33
36
37
43
45
49
57
60
66
73
78
81
83
84
85
87
92
94
103
106
107
109
111
114
116
117
122
123
125
129
130
134
141
146
150
151
160
161
166
169
170
182
186
188
189
193
196
202
207
211
213
219
220
221
227
229
241
246
249
252
258
260
265
269
275
278
279
281
286
288
295
307
308
309
311
316
318
319
323
327
333
338
344
347
348
367
371
375
377
378
379
380
383
391
392
396
399
400
401
402
403
414
421
424
426
428
432
434
441
443
448
452
453
456
457
458
460
465
474
476
483
485
486
488
489
492
495
498
499
501
502
506
509
510
514
538
539
543
545
549
559
566
568
570
574
577
581
588
591
597
598
601
605
610
612
614
615
618
622
623
632
636
642
643
645
647
651
652
654
657
680
681
686
687
694
701
702
704
706
713
714
719
723
724
728
733
737
739
740
743
746
752
754
759
761
764
766
771
782
783
785
792
798
800
801
804
807
809
813
816
819
824
827
830
831
833
846
847
851
852
855
858
860
864
868
876
878
881
887
888
889
890
896
903
904
907
909
911
913
914
916
920
924
926
927
933
934
946
951
956
963
965
974
975
977
978
980
981
982
988
989
991
