5
7
8
10
11
12
14
22
24
26
28
35
38
42
44
54
58
67
72
74
76
80
82
93
95
97
99
105
108
118
119
121
137
142
143
144
145
162
164
181
187
197
199
206
210
224
226
230
235
236
237
242
251
257
261
262
263
284
293
296
301
302
310
313
315
326
328
331
335
336
337
345
351
352
358
360
361
365
372
382
384
385
388
395
404
408
411
420
430
437
438
439
447
449
451
459
462
466
469
470
471
472
480
482
487
491
493
497
512
513
518
522
523
524
525
526
527
530
534
547
551
552
553
558
562
563
564
565
572
578
586
593
606
609
611
621
625
626
628
635
637
641
658
663
665
671
674
685
688
695
698
705
710
711
712
722
725
727
732
735
738
741
744
747
748
763
767
773
779
784
805
810
815
817
818
820
821
822
825
826
835
838
840
845
856
870
871
874
877
880
885
886
891
892
897
899
900
901
902
905
906
908
910
918
919
921
928
935
937
938
940
943
953
957
961
964
966
968
979
993
995
999
