1
13
15
23
27
31
32
34
46
47
48
53
56
63
64
68
75
77
88
91
96
98
101
104
115
124
128
135
147
148
149
158
168
173
174
176
177
179
180
183
184
185
192
198
201
205
209
215
216
217
222
245
248
250
254
267
270
282
283
290
291
292
297
298
305
306
314
317
322
324
325
329
339
340
341
342
343
346
354
356
366
368
369
386
398
407
409
410
412
413
419
427
429
431
442
450
455
461
464
473
477
478
490
494
500
505
508
521
529
532
540
544
548
550
554
555
556
557
561
567
571
573
575
576
582
589
590
595
596
599
603
604
607
608
613
617
620
624
630
639
640
644
646
648
655
659
661
662
666
673
675
676
679
690
696
703
708
709
721
726
729
731
734
756
758
762
765
769
770
775
777
778
780
781
786
787
789
790
791
794
795
797
803
806
811
814
828
832
837
839
842
843
844
848
849
853
857
865
867
873
879
883
884
894
912
915
929
930
939
945
947
948
949
952
955
958
962
967
973
976
983
984
985
987
990
996
997
998
