0
2
9
18
20
39
40
41
50
51
52
55
59
61
62
65
69
70
71
79
86
89
90
100
102
110
112
113
120
126
127
131
132
133
136
138
139
140
152
153
154
155
156
157
159
163
165
167
171
172
175
178
190
191
194
195
200
203
204
208
212
214
218
223
225
228
231
232
233
234
238
239
240
243
244
247
253
255
256
259
264
266
268
271
272
273
274
276
277
280
285
287
289
294
299
300
303
304
312
320
321
330
332
334
349
350
353
355
357
359
362
363
364
370
373
374
376
381
387
389
390
393
394
397
405
406
415
416
417
418
422
423
425
433
435
436
440
444
445
446
454
463
467
468
475
479
481
484
496
503
504
507
511
515
516
517
519
520
528
531
533
535
536
537
541
542
546
560
569
579
580
583
584
585
587
592
594
600
602
616
619
627
629
631
633
634
638
649
650
653
656
660
664
667
668
669
670
672
677
678
682
683
684
689
691
692
693
697
699
700
707
715
716
717
718
720
730
736
742
745
749
750
751
753
755
757
760
768
772
774
776
788
793
796
799
802
808
812
823
829
834
836
841
850
854
859
861
862
863
866
869
872
875
882
893
895
898
917
922
923
925
931
932
936
941
942
944
950
954
959
960
969
970
971
972
986
992
994
