0
1
4
5
9
17
18
19
27
28
34
47
54
56
63
70
73
84
90
92
95
99
101
102
106
107
112
113
116
118
120
122
124
125
127
131
140
142
144
145
146
152
157
158
161
164
169
178
183
186
188
191
199
200
203
204
205
208
211
213
214
222
224
231
234
242
247
251
254
266
267
274
275
279
282
283
285
288
291
292
294
307
312
320
325
328
332
343
345
348
355
358
362
370
373
382
394
399
400
403
408
411
414
423
428
432
435
438
439
447
451
452
454
457
462
463
465
471
474
476
478
479
481
483
489
492
494
505
506
507
510
511
512
513
516
526
529
530
531
544
547
549
550
553
556
560
565
579
582
591
593
595
596
598
599
603
605
611
614
615
621
638
647
650
651
657
667
668
670
676
677
678
684
702
705
710
729
730
731
734
735
743
747
758
760
764
766
767
775
791
792
797
806
810
811
819
820
826
828
832
834
835
837
838
843
844
850
855
866
868
874
877
878
879
880
885
886
889
905
910
913
918
921
923
924
927
935
936
942
949
956
957
961
970
973
975
981
982
984
985
988
989
995
997
