3
6
16
21
22
24
31
38
41
46
49
50
55
61
65
67
68
76
77
79
81
96
97
100
104
105
111
114
115
121
126
128
135
137
143
147
154
167
170
172
177
181
182
189
190
192
193
195
202
206
210
225
230
232
233
236
238
249
252
257
259
265
269
270
272
273
276
278
280
281
286
289
296
297
308
309
310
316
318
326
331
334
344
346
347
349
350
352
354
363
364
377
381
386
405
406
410
417
418
420
424
426
427
430
431
433
436
440
446
449
453
456
459
460
467
484
487
488
495
497
498
500
501
502
503
518
519
521
523
532
546
552
557
561
563
567
568
569
570
571
572
574
578
580
581
586
587
589
600
606
608
613
618
622
623
628
632
634
635
641
645
646
648
649
652
653
655
674
681
698
703
711
716
718
719
720
721
727
737
738
739
742
744
751
754
756
763
781
782
783
786
787
794
798
808
812
813
815
816
821
823
829
841
845
846
848
854
856
859
861
863
865
867
873
881
882
888
891
892
899
900
902
904
911
912
914
916
920
922
929
930
934
940
946
948
952
955
959
962
965
976
977
979
980
992
996
999
