2
7
8
10
15
20
25
26
33
35
40
42
48
53
57
60
62
64
72
75
78
82
83
86
88
108
117
119
123
132
133
134
136
138
139
141
149
153
156
160
165
166
171
176
187
196
197
198
201
207
212
216
217
218
220
223
226
227
235
240
241
244
246
248
253
256
260
261
263
268
284
287
293
295
298
299
300
301
303
305
311
315
319
321
324
327
330
336
337
338
339
340
351
353
356
357
359
360
361
366
367
369
371
372
374
375
378
379
383
385
389
397
398
401
416
422
434
437
442
444
445
458
468
469
470
472
477
482
490
493
504
508
514
520
524
534
537
538
539
542
545
554
564
566
573
575
576
577
583
585
597
601
604
609
612
624
625
627
629
630
631
633
636
637
639
640
642
643
644
654
656
658
662
663
664
665
666
671
673
675
679
686
687
688
689
693
694
695
696
697
700
701
709
715
717
722
725
728
732
748
759
762
768
769
770
772
773
776
778
788
789
790
793
795
796
799
800
803
817
818
822
824
827
833
836
839
840
842
847
849
852
853
860
862
875
884
887
890
894
896
897
901
903
915
917
919
925
926
931
933
937
938
939
941
951
963
964
969
972
978
986
991
993
998
