11
12
13
14
23
29
30
32
36
37
39
43
44
45
51
52
58
59
66
69
71
74
80
85
87
89
91
93
94
98
103
109
110
129
130
148
150
151
155
159
162
163
168
173
174
175
179
180
184
185
194
209
215
219
221
228
229
237
239
243
245
250
255
258
262
264
271
277
290
302
304
306
313
314
317
322
323
329
333
335
341
342
365
368
376
380
384
387
388
390
391
392
393
395
396
402
404
407
409
412
413
415
419
421
425
429
441
443
448
450
455
461
464
466
473
475
480
485
486
491
496
499
509
515
517
522
525
527
528
533
535
536
540
541
543
548
551
555
558
559
562
584
588
590
592
594
602
607
610
616
617
619
620
626
659
660
661
669
672
680
682
683
685
690
691
692
699
704
706
707
708
712
713
714
723
724
726
733
736
740
741
745
746
749
750
752
753
755
757
761
765
771
774
777
779
780
784
785
801
802
804
805
807
809
814
825
830
831
851
857
858
864
869
870
871
872
876
883
893
895
898
906
907
908
909
928
932
943
944
945
947
950
953
954
958
960
966
967
968
971
974
983
987
990
994
